Problem 20_A:
line_count: 49.0
keyword_count: 4.5
comment_count: 4.0
avg_variable_name_length: 5.218241314488617
word_count: 301.0
max_passing_rate: 0.7894736842105263

