Problem 26_A:
line_count: 25.0
keyword_count: 0.5
comment_count: 0.0
avg_variable_name_length: 6.35625
word_count: 120.5
max_passing_rate: 0.5652173913043478

