Problem 32_C:
line_count: 50.0
keyword_count: 4.5
comment_count: 3.5
avg_variable_name_length: 6.04205069124424
word_count: 319.0
max_passing_rate: 0.11764705882352941

