Problem 41_C:
line_count: 50.0
keyword_count: 1.0
comment_count: 3.5
avg_variable_name_length: 5.129488717689652
word_count: 363.5
max_passing_rate: 0.6634615384615384

