Problem 32_B:
line_count: 25.0
keyword_count: 0.5
comment_count: 0.5
avg_variable_name_length: 4.950786255096098
word_count: 96.5
max_passing_rate: 0.06666666666666667

