Problem 41_C:
line_count: 25.0
keyword_count: -2.5
comment_count: 1.0
avg_variable_name_length: 2.593302277432712
word_count: 303.0
max_passing_rate: 0.3269230769230769

