Problem 41_C:
line_count: 56.0
keyword_count: 6.5
comment_count: 0.0
avg_variable_name_length: 5.154281252553499
word_count: 388.5
max_passing_rate: 0.6634615384615384

