Problem 26_A:
line_count: 51.0
keyword_count: 3.0
comment_count: 0.0
avg_variable_name_length: 5.769059065934066
word_count: 311.0
max_passing_rate: 0.5652173913043478

