Problem 20_A:
line_count: 36.0
keyword_count: 1.5
comment_count: 7.5
avg_variable_name_length: 0.6327710356752942
word_count: 239.5
max_passing_rate: 0.18421052631578946

