Problem 41_C:
line_count: 48.5
keyword_count: 1.0
comment_count: 0.0
avg_variable_name_length: 4.640924497428705
word_count: 229.5
max_passing_rate: 0.6634615384615384

