Problem 41_C:
line_count: 51.5
keyword_count: 1.5
comment_count: 1.0
avg_variable_name_length: 5.239504982320797
word_count: 337.0
max_passing_rate: 0.47115384615384615

