Problem 32_C:
line_count: 53.0
keyword_count: 2.5
comment_count: 6.5
avg_variable_name_length: 5.819261037748433
word_count: 346.5
max_passing_rate: 0.6470588235294118

