Problem 20_A:
line_count: 44.0
keyword_count: 2.0
comment_count: 7.0
avg_variable_name_length: 5.36358024691358
word_count: 254.5
max_passing_rate: 0.39473684210526316

